rumor_network 0
0 1 0
1 1 0
2 1 0
3 1 1
4 1 1
5 1 1
6 1 2
7 1 2
8 1 2
9 1 3
10 1 3
11 1 3
12 1 4
13 1 4
14 1 4
15 1 5
16 1 5
17 1 5
18 1 6
19 1 6
20 1 6
21 1 7
22 1 7
23 1 7
24 1 8
25 1 8
26 1 8
27 1 9
28 1 9
29 1 9
30 1 10
31 1 10
32 1 10
33 1 11
34 1 11
35 1 11
36 1 12
37 1 12
38 1 12
39 1 13
40 1 13
41 1 13
42 1 14
43 1 14
44 1 14
45 1 15
46 1 15
47 1 15
48 1 16
49 1 16
EDGES
0 1
0 2
1 3
1 4
2 5
3 6
4 7
5 8
6 9
7 10
8 11
9 12
10 13
11 14
12 15
13 16
14 17
15 18
16 19
17 20
18 21
19 22
20 23
21 24
22 25
23 26
24 27
25 28
26 29
27 30
28 31
29 32
30 33
31 34
32 35
33 36
34 37
35 38
36 39
37 40
38 41
39 42
40 43
41 44
42 45
43 46
44 47
45 48
46 49
0 10
1 20
2 30
3 40
4 25
5 35
6 45
7 15
8 29
9 39
10 49
15 32
20 37
25 42
30 47
35 44
40 28
45 18